{
 "cells": [
  {
   "cell_type": "markdown",
   "metadata": {},
   "source": [
    "### trying tucker3 decomposition using python\n",
    "\n",
    "define the function of tucker3 decomposition"
   ]
  },
  {
   "cell_type": "code",
   "execution_count": 9,
   "metadata": {},
   "outputs": [
    {
     "name": "stdout",
     "output_type": "stream",
     "text": [
      "(19, 31, 4)\n"
     ]
    }
   ],
   "source": [
    "import numpy as np\n",
    "import tensorly as tl\n",
    "from tensorly.decomposition import tucker\n",
    "import ast\n",
    "\n",
    "def load_tensor_from_file(file_path):\n",
    "    with open(file_path, 'r') as file:\n",
    "        contents = file.read()\n",
    "    tensor_data = np.array(ast.literal_eval(contents))\n",
    "    return tensor_data\n",
    "\n",
    "def perform_tucker_decomposition(tensor_data, ranks):\n",
    "    tensor = tl.tensor(tensor_data)\n",
    "    core, factors = tucker(tensor, rank=ranks)\n",
    "    return core, factors\n",
    "\n",
    "file_path = 'tensor.txt'\n",
    "tensor_data = load_tensor_from_file(file_path)\n",
    "print(tensor_data.shape)"
   ]
  },
  {
   "cell_type": "markdown",
   "metadata": {},
   "source": [
    "## Step 2:\n",
    "### Conduct Tucker3 analysis with $X_{new}(n\\times m \\times r)$ .The component load constraint of the three modes is orthogonal, and the component decomposition dimensions P,Q,S of the model are calculated according to the $\\overline{R}^2$ under the premise of ensuring the interpretability of the model\n",
    "\n",
    "Tucker3 model:\n",
    "$$\n",
    "x_{ijt} = \\sum_{p=1}^{P} \\sum_{q=1}^{Q} \\sum_{s=1}^{S} b_{jq}c_{ts}g_{pqs} + e_{ijt}                \n",
    "$$\n",
    "and in a matrix format:\n",
    "$$\n",
    "X_{a} = AG_{a}(C'\\otimes B') + E_{a} \n",
    "$$"
   ]
  },
  {
   "cell_type": "code",
   "execution_count": 10,
   "metadata": {},
   "outputs": [
    {
     "name": "stdout",
     "output_type": "stream",
     "text": [
      "19\n",
      "31\n",
      "4\n",
      "0.9816127035389068\n",
      "Best core shape: (6, 4, 3)\n",
      "Best factors shapes: [(19, 6), (31, 4), (4, 3)]\n"
     ]
    }
   ],
   "source": [
    "from tensorly import tucker_to_tensor, norm\n",
    "\n",
    "best_fit = None\n",
    "best_percent = -np.inf\n",
    "mean_tensor = tl.mean(tensor_data)\n",
    "\n",
    "n = 31\n",
    "m = 4\n",
    "r = 19\n",
    "\n",
    "print(tensor_data.shape[0])\n",
    "print(tensor_data.shape[1])\n",
    "print(tensor_data.shape[2])\n",
    "\n",
    "\n",
    "for p in range(1, min(n, tensor_data.shape[1])+1):\n",
    "    for q in range(1, min(m, tensor_data.shape[2])+1):\n",
    "        for s in range(1, min(r, tensor_data.shape[0])+1):\n",
    "            tucker_result = tucker(tensor_data, rank=[p, q, s], n_iter_max=25, tol=1e-05)\n",
    "            core = tucker_result.core\n",
    "            factors = tucker_result.factors\n",
    "            reconstruction = tucker_to_tensor(tucker_result)\n",
    "            resid_2 = norm(tensor_data - reconstruction, 2)**2\n",
    "            total_var = norm(tensor_data - mean_tensor, 2)**2\n",
    "            R_2 = 1 - resid_2 / total_var\n",
    "            N = np.prod(tensor_data.shape)\n",
    "            k = sum(factor.shape[0] for factor in factors) + np.prod(core.shape) - 1\n",
    "            R_2_adj = 1 - ((1 - R_2) * (N - 1) / (N - k - 1))\n",
    "            \n",
    "            if isinstance(R_2_adj, np.float64) and not np.isnan(R_2_adj):\n",
    "                if R_2_adj > best_percent:\n",
    "                    best_percent = R_2_adj\n",
    "                    best_fit = tucker_result\n",
    "\n",
    "print(best_percent)\n",
    "if best_fit is not None:\n",
    "    print(\"Best core shape:\", best_fit.core.shape)\n",
    "    print(\"Best factors shapes:\", [factor.shape for factor in best_fit.factors])\n"
   ]
  },
  {
   "cell_type": "markdown",
   "metadata": {},
   "source": [
    "## Step 3:\n",
    "\n",
    "### Calculate the combined score of the \"variable-time\" mode on the p-th component of the individual mode $score_{pjt}$\n",
    "\n",
    "$$\n",
    "score_{pjt} = \\sum_{q=1}^{Q} \\sum_{s=1}^{S} b_{jq}c_{ts}g_{pqs}\n",
    "$$"
   ]
  },
  {
   "cell_type": "code",
   "execution_count": 13,
   "metadata": {},
   "outputs": [
    {
     "name": "stdout",
     "output_type": "stream",
     "text": [
      "[0. 0. 0. 0.]\n",
      "Score for factor 1: -7.0857057209523955\n",
      "Score for factor 2: 0.51969174417314\n",
      "Score for factor 3: 0.49494826448288065\n",
      "Score for factor 4: 0.11102018475195384\n",
      "Scores: [-7.08570572  0.51969174  0.49494826  0.11102018]\n"
     ]
    }
   ],
   "source": [
    "core = best_fit.core\n",
    "factors = best_fit.factors\n",
    "\n",
    "P = factors[1].shape[1]  \n",
    "Q = factors[2].shape[1]  \n",
    "S = factors[0].shape[1] \n",
    "\n",
    "p = 0  \n",
    "j = 0\n",
    "t = 0\n",
    "score_pjt = np.zeros(P)\n",
    "print(score_pjt)\n",
    "\n",
    "for p in range(P):\n",
    "    for q in range(Q):\n",
    "        for s in range(S):\n",
    "            score_pjt[p] += factors[2][j, q] * factors[0][t, s] * core[s, p, q]    \n",
    "    print(f\"Score for factor {p+1}: {score_pjt[p]}\")\n",
    "print(\"Scores:\", score_pjt)"
   ]
  },
  {
   "cell_type": "markdown",
   "metadata": {},
   "source": [
    "## Step 4:\n",
    "### Calculate the Minkowski distance between two region slices:$X_{i1..} (m \\times r)$ and $X_{i2..} (m \\times r)$\n",
    "\n",
    "Given the panel data $X (n \\times m \\times r)$ where the two horizontal slice matrices are $X_{i1..} (m \\times r)$ and $X_{i2..} (m \\times r)$，$i1, i2 = 1, 2, ..., n$，and both matrices are observations of the same $m$ variables over $r$ periods, the \"individual\" distance $d_{i1i2}^A$ between $i1$ and $i2$ is defined as:\n",
    "\n",
    "$$\n",
    "d_{i1i2}^A = \\left( \\sum_{p=1}^{P} w_p(a_{i1p} - a_{i2p})^h \\right)^{1/h} = \\left( \\sum_{p=1}^{P} \\sum_{q=1}^{Q} \\sum_{s=1}^{S} b_{jq}c_{ts}g_{pqs}(a_{i1p} - a_{i2p})^h \\right)^{1/h}\n",
    "$$\n",
    "\n",
    "Here，$w_p = score_{pjt}$，and in this article $d_{i1i2}^A$  is defined based on a form of Minkowski distance, which can be adjusted according to different research purposes and data types. Furthermore, based on this equation, the distances between \"variable modes\" and \"time modes\" can also be articulated, thus allowing for separate clustering of variables and time.\n",
    "\n",
    "We set h to 3 at this time, and we can change it if we want more experiments."
   ]
  },
  {
   "cell_type": "code",
   "execution_count": 15,
   "metadata": {
    "collapsed": true,
    "jupyter": {
     "outputs_hidden": true
    }
   },
   "outputs": [
    {
     "name": "stdout",
     "output_type": "stream",
     "text": [
      "Weighted Minkowski Distance:\n",
      "[[0.         0.0459605  0.3582037  0.47317028 0.47929358 0.29262264\n",
      "  0.07967763 0.12424944 0.0195838  0.17283018 0.10125852 0.21830942\n",
      "  0.0904033  0.20706746 0.20918433 0.07980062 0.02723666 0.02184922\n",
      "  0.09033866 0.13635009 0.02669607 0.04688954 0.31507933 0.13021533\n",
      "  0.09271321 0.07465697 0.21664744 0.05818432 0.37021696 0.17621138\n",
      "  0.09663465]\n",
      " [0.0459605  0.         0.36741024 0.47784118 0.51495987 0.32167672\n",
      "  0.09104495 0.16897486 0.03247726 0.12691364 0.05570891 0.17770015\n",
      "  0.05373663 0.205144   0.19370367 0.05478379 0.04319169 0.02473605\n",
      "  0.045358   0.17949692 0.02783107 0.02953053 0.35923591 0.10717516\n",
      "  0.10060305 0.11798902 0.21560068 0.08484725 0.40468902 0.18035236\n",
      "  0.1402815 ]\n",
      " [0.3582037  0.36741024 0.         0.68012639 0.72283082 0.47177265\n",
      "  0.36753397 0.40494196 0.35830399 0.4124211  0.38518719 0.43302049\n",
      "  0.41277971 0.52961496 0.52667147 0.41855954 0.378267   0.3579192\n",
      "  0.38675477 0.44267801 0.35136899 0.37509958 0.51421319 0.41196133\n",
      "  0.35518923 0.37099016 0.47910886 0.39830538 0.60670953 0.42025055\n",
      "  0.41252192]\n",
      " [0.47317028 0.47784118 0.68012639 0.         0.39875587 0.70885746\n",
      "  0.39443071 0.44394189 0.4596265  0.49502225 0.49946504 0.60281447\n",
      "  0.44840627 0.61709806 0.61530958 0.44257101 0.44986651 0.47841103\n",
      "  0.49777534 0.48132212 0.46641802 0.44831423 0.60630412 0.57744327\n",
      "  0.38455014 0.50692596 0.26824241 0.51571864 0.72583886 0.29861508\n",
      "  0.47469237]\n",
      " [0.47929358 0.51495987 0.72283082 0.39875587 0.         0.57765627\n",
      "  0.44385885 0.37842814 0.48561381 0.62108615 0.56549294 0.68752645\n",
      "  0.52634111 0.53466471 0.55876239 0.50307769 0.47181668 0.49795497\n",
      "  0.55503555 0.39958004 0.49605029 0.50049039 0.45351721 0.59444995\n",
      "  0.46902114 0.45232835 0.50168378 0.47890648 0.57761643 0.45666962\n",
      "  0.41637905]\n",
      " [0.29262264 0.32167672 0.47177265 0.70885746 0.57765627 0.\n",
      "  0.34783227 0.26702314 0.31204423 0.42484273 0.35737527 0.43796139\n",
      "  0.36026482 0.22885981 0.26678543 0.34520375 0.31078598 0.30439273\n",
      "  0.34710835 0.23094337 0.31451804 0.33575241 0.13686542 0.3284818\n",
      "  0.37194754 0.22766002 0.49151396 0.24390612 0.14567081 0.44224024\n",
      "  0.24459265]\n",
      " [0.07967763 0.09104495 0.36753397 0.39443071 0.44385885 0.34783227\n",
      "  0.         0.12456646 0.06690938 0.18668581 0.13363528 0.25983848\n",
      "  0.10798193 0.26573776 0.26762346 0.09959241 0.06182409 0.08592404\n",
      "  0.12700296 0.14766779 0.07404093 0.06849206 0.32918496 0.19759017\n",
      "  0.03381639 0.12141913 0.15128669 0.12757613 0.4096577  0.09849964\n",
      "  0.11310216]\n",
      " [0.12424944 0.16897486 0.40494196 0.44394189 0.37842814 0.26702314\n",
      "  0.12456646 0.         0.14074972 0.29483653 0.22348429 0.33632672\n",
      "  0.20248503 0.23396223 0.2456374  0.17955145 0.1298437  0.14599653\n",
      "  0.21148179 0.06419264 0.15019687 0.16639752 0.21098206 0.23057609\n",
      "  0.15765993 0.07431047 0.24966102 0.10876146 0.30899361 0.19275118\n",
      "  0.05214413]\n",
      " [0.0195838  0.03247726 0.35830399 0.4596265  0.48561381 0.31204423\n",
      "  0.06690938 0.14074972 0.         0.15675795 0.08739477 0.20958944\n",
      "  0.07845237 0.21644823 0.2148443  0.07213613 0.02008811 0.01902892\n",
      "  0.07761541 0.15325309 0.01061675 0.03018021 0.33316623 0.13362549\n",
      "  0.07895865 0.09357633 0.20120237 0.07367976 0.38937602 0.16216098\n",
      "  0.11364602]\n",
      " [0.17283018 0.12691364 0.4124211  0.49502225 0.62108615 0.42484273\n",
      "  0.18668581 0.29483653 0.15675795 0.         0.0723672  0.10855273\n",
      "  0.09674273 0.27502108 0.22514411 0.12209961 0.16527823 0.15123468\n",
      "  0.08431812 0.30276136 0.14911827 0.12978557 0.48421544 0.11054979\n",
      "  0.17095603 0.243926   0.2268164  0.20560871 0.51469164 0.21175587\n",
      "  0.2642357 ]\n",
      " [0.10125852 0.05570891 0.38518719 0.49946504 0.56549294 0.35737527\n",
      "  0.13363528 0.22348429 0.08739477 0.0723672  0.         0.12660925\n",
      "  0.05283583 0.21801819 0.18378782 0.06693304 0.09650621 0.07979711\n",
      "  0.0124758  0.2317761  0.08018844 0.06706593 0.41186989 0.08067234\n",
      "  0.13309605 0.17161459 0.23461162 0.13430657 0.44609193 0.20318385\n",
      "  0.19288032]\n",
      " [0.21830942 0.17770015 0.43302049 0.60281447 0.68752645 0.43796139\n",
      "  0.25983848 0.33632672 0.20958944 0.10855273 0.12660925 0.\n",
      "  0.17150235 0.29093169 0.23305859 0.18939644 0.21910199 0.19795914\n",
      "  0.13520087 0.33636232 0.20114656 0.19361063 0.5143917  0.11404337\n",
      "  0.25413953 0.27829094 0.33485951 0.2378518  0.53115654 0.31507423\n",
      "  0.30048322]\n",
      " [0.0904033  0.05373663 0.41277971 0.44840627 0.52634111 0.36026482\n",
      "  0.10798193 0.20248503 0.07845237 0.09674273 0.05283583 0.17150235\n",
      "  0.         0.21875931 0.19429499 0.02564503 0.07568201 0.07412448\n",
      "  0.05021486 0.20846773 0.07778572 0.04982761 0.39634612 0.1292806\n",
      "  0.11216792 0.15642022 0.184332   0.11918545 0.43864005 0.15628192\n",
      "  0.17029506]\n",
      " [0.20706746 0.205144   0.52961496 0.61709806 0.53466471 0.22885981\n",
      "  0.26573776 0.23396223 0.21644823 0.27502108 0.21801819 0.29093169\n",
      "  0.21875931 0.         0.05995982 0.20814666 0.20870677 0.20533799\n",
      "  0.20886598 0.17258995 0.21827885 0.21882255 0.31437045 0.18439967\n",
      "  0.28523818 0.19871665 0.37080007 0.15188824 0.24632116 0.34192234\n",
      "  0.18469164]\n",
      " [0.20918433 0.19370367 0.52667147 0.61530958 0.55876239 0.26678543\n",
      "  0.26762346 0.2456374  0.2148443  0.22514411 0.18378782 0.23305859\n",
      "  0.19429499 0.05995982 0.         0.19124313 0.20768578 0.20219731\n",
      "  0.1780151  0.18898522 0.21505587 0.20898738 0.35474753 0.13961181\n",
      "  0.28375547 0.20959031 0.35990093 0.1585429  0.30487696 0.33828733\n",
      "  0.19437705]\n",
      " [0.07980062 0.05478379 0.41855954 0.44257101 0.50307769 0.34520375\n",
      "  0.09959241 0.17955145 0.07213613 0.12209961 0.06693304 0.18939644\n",
      "  0.02564503 0.20814666 0.19124313 0.         0.06020561 0.06953159\n",
      "  0.06026766 0.18329284 0.07521311 0.04793224 0.37427906 0.1351233\n",
      "  0.11085797 0.13744478 0.17987187 0.10136049 0.41892226 0.15158895\n",
      "  0.14576618]\n",
      " [0.02723666 0.04319169 0.378267   0.44986651 0.47181668 0.31078598\n",
      "  0.06182409 0.1298437  0.02008811 0.16527823 0.09650621 0.21910199\n",
      "  0.07568201 0.20870677 0.20768578 0.06020561 0.         0.03082157\n",
      "  0.08536823 0.14095663 0.02890479 0.03686688 0.32543212 0.13968993\n",
      "  0.07729728 0.08789808 0.19269766 0.07202408 0.38283736 0.15317469\n",
      "  0.10172614]\n",
      " [0.02184922 0.02473605 0.3579192  0.47841103 0.49795497 0.30439273\n",
      "  0.08592404 0.14599653 0.01902892 0.15123468 0.07979711 0.19795914\n",
      "  0.07412448 0.20533799 0.20219731 0.06953159 0.03082157 0.\n",
      "  0.06938525 0.15728121 0.01385021 0.03447363 0.33581908 0.11660047\n",
      "  0.09762183 0.09486168 0.21847796 0.06675769 0.38572    0.18092806\n",
      "  0.11783024]\n",
      " [0.09033866 0.045358   0.38675477 0.49777534 0.55503555 0.34710835\n",
      "  0.12700296 0.21148179 0.07761541 0.08431812 0.0124758  0.13520087\n",
      "  0.05021486 0.20886598 0.1780151  0.06026766 0.08536823 0.06938525\n",
      "  0.         0.21930572 0.07153585 0.05920731 0.4000762  0.08150767\n",
      "  0.13002868 0.15975629 0.23349073 0.12189442 0.43476536 0.20130524\n",
      "  0.18045557]\n",
      " [0.13635009 0.17949692 0.44267801 0.48132212 0.39958004 0.23094337\n",
      "  0.14766779 0.06419264 0.15325309 0.30276136 0.2317761  0.33636232\n",
      "  0.20846773 0.17258995 0.18898522 0.18329284 0.14095663 0.15728121\n",
      "  0.21930572 0.         0.16274349 0.17763951 0.20697764 0.22425498\n",
      "  0.1805212  0.07386552 0.27622251 0.09925509 0.2697468  0.2241213\n",
      "  0.03992276]\n",
      " [0.02669607 0.02783107 0.35136899 0.46641802 0.49605029 0.31451804\n",
      "  0.07404093 0.15019687 0.01061675 0.14911827 0.08018844 0.20114656\n",
      "  0.07778572 0.21827885 0.21505587 0.07521311 0.02890479 0.01385021\n",
      "  0.07153585 0.16274349 0.         0.03001486 0.34097797 0.12809292\n",
      "  0.08456322 0.10097038 0.20700822 0.07737888 0.39484632 0.16874273\n",
      "  0.12310993]\n",
      " [0.04688954 0.02953053 0.37509958 0.44831423 0.50049039 0.33575241\n",
      "  0.06849206 0.16639752 0.03018021 0.12978557 0.06706593 0.19361063\n",
      "  0.04982761 0.21882255 0.20898738 0.04793224 0.03686688 0.03447363\n",
      "  0.05920731 0.17763951 0.03001486 0.         0.36050664 0.13346882\n",
      "  0.07721697 0.12022384 0.18647612 0.093686   0.41318491 0.15096295\n",
      "  0.13842023]\n",
      " [0.31507933 0.35923591 0.51421319 0.60630412 0.45351721 0.13686542\n",
      "  0.32918496 0.21098206 0.33316623 0.48421544 0.41186989 0.5143917\n",
      "  0.39634612 0.31437045 0.35474753 0.37427906 0.32543212 0.33581908\n",
      "  0.4000762  0.20697764 0.34097797 0.36050664 0.         0.4026289\n",
      "  0.36039747 0.2414293  0.46023336 0.28342369 0.21747137 0.40097043\n",
      "  0.2322792 ]\n",
      " [0.13021533 0.10717516 0.41196133 0.57744327 0.59444995 0.3284818\n",
      "  0.19759017 0.23057609 0.13362549 0.11054979 0.08067234 0.11404337\n",
      "  0.1292806  0.18439967 0.13961181 0.1351233  0.13968993 0.11660047\n",
      "  0.08150767 0.22425498 0.12809292 0.13346882 0.4026289  0.\n",
      "  0.20711104 0.16970961 0.3135557  0.12628719 0.42001334 0.28218801\n",
      "  0.19082813]\n",
      " [0.09271321 0.10060305 0.35518923 0.38455014 0.46902114 0.37194754\n",
      "  0.03381639 0.15765993 0.07895865 0.17095603 0.13309605 0.25413953\n",
      "  0.11216792 0.28523818 0.28375547 0.11085797 0.07729728 0.09762183\n",
      "  0.13002868 0.1805212  0.08456322 0.07721697 0.36039747 0.20711104\n",
      "  0.         0.14432906 0.14029578 0.145235   0.43900672 0.08659202\n",
      "  0.14431417]\n",
      " [0.07465697 0.11798902 0.37099016 0.50692596 0.45232835 0.22766002\n",
      "  0.12141913 0.07431047 0.09357633 0.243926   0.17161459 0.27829094\n",
      "  0.15642022 0.19871665 0.20959031 0.13744478 0.08789808 0.09486168\n",
      "  0.15975629 0.07386552 0.10097038 0.12022384 0.2414293  0.16970961\n",
      "  0.14432906 0.         0.26634353 0.05857638 0.30081842 0.21869182\n",
      "  0.04526612]\n",
      " [0.21664744 0.21560068 0.47910886 0.26824241 0.50168378 0.49151396\n",
      "  0.15128669 0.24966102 0.20120237 0.2268164  0.23461162 0.33485951\n",
      "  0.184332   0.37080007 0.35990093 0.17987187 0.19269766 0.21847796\n",
      "  0.23349073 0.27622251 0.20700822 0.18647612 0.46023336 0.3135557\n",
      "  0.14029578 0.26634353 0.         0.26258969 0.54409371 0.07718899\n",
      "  0.24985828]\n",
      " [0.05818432 0.08484725 0.39830538 0.51571864 0.47890648 0.24390612\n",
      "  0.12757613 0.10876146 0.07367976 0.20560871 0.13430657 0.2378518\n",
      "  0.11918545 0.15188824 0.1585429  0.10136049 0.07202408 0.06675769\n",
      "  0.12189442 0.09925509 0.07737888 0.093686   0.28342369 0.12628719\n",
      "  0.145235   0.05857638 0.26258969 0.         0.32066256 0.22195577\n",
      "  0.06528871]\n",
      " [0.37021696 0.40468902 0.60670953 0.72583886 0.57761643 0.14567081\n",
      "  0.4096577  0.30899361 0.38937602 0.51469164 0.44609193 0.53115654\n",
      "  0.43864005 0.24632116 0.30487696 0.41892226 0.38283736 0.38572\n",
      "  0.43476536 0.2697468  0.39484632 0.41318491 0.21747137 0.42001334\n",
      "  0.43900672 0.30081842 0.54409371 0.32066256 0.         0.49365729\n",
      "  0.29720939]\n",
      " [0.17621138 0.18035236 0.42025055 0.29861508 0.45666962 0.44224024\n",
      "  0.09849964 0.19275118 0.16216098 0.21175587 0.20318385 0.31507423\n",
      "  0.15628192 0.34192234 0.33828733 0.15158895 0.15317469 0.18092806\n",
      "  0.20130524 0.2241213  0.16874273 0.15096295 0.40097043 0.28218801\n",
      "  0.08659202 0.21869182 0.07718899 0.22195577 0.49365729 0.\n",
      "  0.1994343 ]\n",
      " [0.09663465 0.1402815  0.41252192 0.47469237 0.41637905 0.24459265\n",
      "  0.11310216 0.05214413 0.11364602 0.2642357  0.19288032 0.30048322\n",
      "  0.17029506 0.18469164 0.19437705 0.14576618 0.10172614 0.11783024\n",
      "  0.18045557 0.03992276 0.12310993 0.13842023 0.2322792  0.19082813\n",
      "  0.14431417 0.04526612 0.24985828 0.06528871 0.29720939 0.1994343\n",
      "  0.        ]]\n"
     ]
    }
   ],
   "source": [
    "h = 3\n",
    "sum_power_h = 0\n",
    "A = factors[1]\n",
    "n,P = A.shape\n",
    "distance_d_i1_i2_A = np.empty((n,n))\n",
    "\n",
    "for i in range(n): \n",
    "    for j in range(n):\n",
    "        for p in range(P):\n",
    "            sum_power_h += score_pjt[p] * (np.abs(A[i,p] - A[j, p])**h)\n",
    "        distance_d_i1_i2_A[i,j] = sum_power_h**(1/h)  \n",
    "        sum_power_h = 0   \n",
    "print(\"Weighted Minkowski Distance:\")\n",
    "print(distance_d_i1_i2_A)"
   ]
  },
  {
   "cell_type": "markdown",
   "metadata": {},
   "source": [
    "## Step 5:\n",
    "### Perform traditional two-way data clustering analysis on the three-way \"individual\" distance matrix distance_d_i1_i2_A."
   ]
  },
  {
   "cell_type": "code",
   "execution_count": 38,
   "metadata": {},
   "outputs": [
    {
     "data": {
